structure(list(nation2 = structure(c(1, 1, 1, 1, 1, 1, 1, 1, 
1, 1, 1, 1, 1, 1, 1, 1, 1, 1, 1, 1, 1, 1, 1, 1, 1, 1, 1, 1, 1, 
1, 1, 1, 2, 2, 2, 2, 2, 2, 2, 2, 2, 2, 2, 2, 2, 2, 2, 2, 2, 2, 
2, 2, 2, 2, 2, 2, 2, 2, 2, 2, 2, 2, 2, 2, 3, 3, 3, 3, 3, 3, 3, 
3, 3, 3, 3, 3, 3, 3, 3, 3, 3, 3, 3, 3, 3, 3, 3, 3, 3, 3, 3, 3, 
3, 3, 3, 3, 4, 4, 4, 4, 4, 4, 4, 4, 4, 4, 4, 4, 4, 4, 4, 4, 4, 
4, 4, 4, 4, 4, 4, 4, 4, 4, 4, 4, 4, 4, 4, 4, 5, 5, 5, 5, 5, 5, 
5, 5, 5, 5, 5, 5, 5, 5, 5, 5, 5, 5, 5, 5, 5, 5, 5, 5, 5, 5, 5, 
5, 5, 5, 5, 5, 6, 6, 6, 6, 6, 6, 6, 6, 6, 6, 6, 6, 6, 6, 6, 6, 
6, 6, 6, 6, 6, 6, 6, 6, 6, 6, 6, 6, 6, 6, 7, 7, 7, 7, 7, 7, 7, 
7, 7, 7, 7, 7, 7, 7, 7, 7, 7, 7, 7, 7, 7, 7, 7, 7, 7, 7, 7, 7, 
7, 7, 8, 8, 8, 8, 8, 8, 8, 8, 8, 8, 8, 8, 8, 8, 8, 8, 8, 8, 8, 
8, 8, 8, 8, 8, 8, 8, 8, 8, 8, 8, 9, 9, 9, 9, 9, 9, 9, 9, 9, 9, 
9, 9, 9, 9, 9, 9, 9, 9, 9, 9, 9, 9, 9, 9, 9, 9, 9, 9, 9, 9, 11, 
11, 11, 11, 11, 11, 11, 11, 11, 11, 11, 11, 11, 11, 11, 11, 11, 
11, 11, 11, 11, 11, 11, 12, 12, 12, 12, 12, 12, 12, 12, 12, 12, 
12, 12, 12, 12, 12, 12, 12, 12, 13, 13, 13, 13, 13, 13, 13, 13, 
13, 13, 13, 13, 13, 13, 13, 13, 13, 13, 15, 15, 15, 15, 15, 15, 
15, 16, 16, 16, 16, 16, 16, 16, 16, 16, 16, 17, 17, 17, 17, 17, 
17, 17, 17, 17, 18, 18, 18, 18, 18, 18, 18, 18, 18), label = "TECH VAR NATION2 IDENTIFIER", format.stata = "%8.0g", class = "labelled", labels = structure(c(1, 
2, 3, 4, 5, 6, 7, 8, 9, 11, 12, 13, 15, 16, 17, 18, 19), .Names = c("france", 
"belgium", "netherlands", "germany", "italy", "luxembourg", "denmark", 
"ireland", "uk", "greece", "spain", "portugal", "norway", "finland", 
"sweden", "austria", "switzerland"))), year = structure(c(1970, 
1971, 1973, 1974, 1975, 1976, 1977, 1978, 1979, 1980, 1981, 1982, 
1983, 1984, 1985, 1986, 1987, 1988, 1989, 1990, 1991, 1992, 1993, 
1994, 1995, 1996, 1997, 1998, 1999, 2000, 2001, 2002, 1970, 1971, 
1973, 1974, 1975, 1976, 1977, 1978, 1979, 1980, 1981, 1982, 1983, 
1984, 1985, 1986, 1987, 1988, 1989, 1990, 1991, 1992, 1993, 1994, 
1995, 1996, 1997, 1998, 1999, 2000, 2001, 2002, 1970, 1971, 1973, 
1974, 1975, 1976, 1977, 1978, 1979, 1980, 1981, 1982, 1983, 1984, 
1985, 1986, 1987, 1988, 1989, 1990, 1991, 1992, 1993, 1994, 1995, 
1996, 1997, 1998, 1999, 2000, 2001, 2002, 1970, 1971, 1973, 1974, 
1975, 1976, 1977, 1978, 1979, 1980, 1981, 1982, 1983, 1984, 1985, 
1986, 1987, 1988, 1989, 1990, 1991, 1992, 1993, 1994, 1995, 1996, 
1997, 1998, 1999, 2000, 2001, 2002, 1970, 1971, 1973, 1974, 1975, 
1976, 1977, 1978, 1979, 1980, 1981, 1982, 1983, 1984, 1985, 1986, 
1987, 1988, 1989, 1990, 1991, 1992, 1993, 1994, 1995, 1996, 1997, 
1998, 1999, 2000, 2001, 2002, 1973, 1974, 1975, 1976, 1977, 1978, 
1979, 1980, 1981, 1982, 1983, 1984, 1985, 1986, 1987, 1988, 1989, 
1990, 1991, 1992, 1993, 1994, 1995, 1996, 1997, 1998, 1999, 2000, 
2001, 2002, 1973, 1974, 1975, 1976, 1977, 1978, 1979, 1980, 1981, 
1982, 1983, 1984, 1985, 1986, 1987, 1988, 1989, 1990, 1991, 1992, 
1993, 1994, 1995, 1996, 1997, 1998, 1999, 2000, 2001, 2002, 1973, 
1974, 1975, 1976, 1977, 1978, 1979, 1980, 1981, 1982, 1983, 1984, 
1985, 1986, 1987, 1988, 1989, 1990, 1991, 1992, 1993, 1994, 1995, 
1996, 1997, 1998, 1999, 2000, 2001, 2002, 1973, 1974, 1975, 1976, 
1977, 1978, 1979, 1980, 1981, 1982, 1983, 1984, 1985, 1986, 1987, 
1988, 1989, 1990, 1991, 1992, 1993, 1994, 1995, 1996, 1997, 1998, 
1999, 2000, 2001, 2002, 1980, 1981, 1982, 1983, 1984, 1985, 1986, 
1987, 1988, 1989, 1990, 1991, 1992, 1993, 1994, 1995, 1996, 1997, 
1998, 1999, 2000, 2001, 2002, 1985, 1986, 1987, 1988, 1989, 1990, 
1991, 1992, 1993, 1994, 1995, 1996, 1997, 1998, 1999, 2000, 2001, 
2002, 1985, 1986, 1987, 1988, 1989, 1990, 1991, 1992, 1993, 1994, 
1995, 1996, 1997, 1998, 1999, 2000, 2001, 2002, 1990, 1991, 1992, 
1993, 1994, 1995, 1996, 1993, 1994, 1995, 1996, 1997, 1998, 1999, 
2000, 2001, 2002, 1994, 1995, 1996, 1997, 1998, 1999, 2000, 2001, 
2002, 1994, 1995, 1996, 1997, 1998, 1999, 2000, 2001, 2002), label = "TECH VAR EUROBAROMETER YEAR", format.stata = "%8.0g"),